(0.00, 20.00); 0.50; 0.00; 0.20; [8.66, 5.00]
(0.00, 20.00); 0.50; 0.00; 0.20; [12.00, 16.00]
(0.00, 0.00); 0.50; 0.00; 0.20; [1.73, 69.23]
(0.04, 20.00); 0.90; 0.08; 0.20; [8.66, 5.00]
(0.05, 20.00); 0.50; 0.10; 0.10; [12.00, 16.00]
(0.08, 0.08); 0.60; 0.15; 0.20; [1.73, 69.23]
(0.20, 35.20); 0.90; 0.10; 0.20; [27.21, 30.05]
(59.82, 0.18); 0.60; 0.20; 0.10; [-13.73, 30.23]
(20.00, 0.0); 0.60; 0.00; 0.20; [0.00, 15.00]
(60.00, 34.0); 0.40; 0.10; 0.10; [-13.00, 0.00]
(25.00, 15.0); 0.30; 0.20; 0.20; [0.00, 0.00]
